00000000001100000000110000000000
00000000001100000000110000000000
00000000000011111111000000000000
00000000000011111111000000000000
00000000000111111111100000000000
00000000001111111111110000000000
00000000111001111110011100000000
00000000111001111110011100000000
00000000111111111111111100000000
00000000111111111111111100000000
00000000111111111111111100000000
00000000111111111111111100000000
00111100000000000000000000111100
00111100000000000000000000111100
00111100111111111111111100111100
00111100111111111111111100111100
00111100111111111111111100111100
00111100111111111111111100111100
00111100111111111111111100111100
00111100111111111111111100111100
00111100111111111111111100111100
00111100111111111111111100111100
00111100111111111111111100111100
00111100111111111111111100111100
00000000111111111111111100000000
00000000111111111111111100000000
00000000111111111111111100000000
00000000111111111111111100000000
00000000001111000011110000000000
00000000001111000011110000000000
00000000001111000011110000000000
00000000001111000011110000000000
