00010001000
00010001000
00111111100
01101110110
11111111111
10111111101
00100000100

00100000100
10010001001
10111111101
11101110111
11111111111
01111111110
00100000100

11111111110
11111111110
11001100110
11111111110
00110011000
01100001100
10001100010

11111111110
11111111110
11001100110
11111111110
01110011000
11001100110
01100001100

00001100000
00011110000
00111111000
01101101100
01111111100
00010010000
00101101000

00001100000
00011110000
00111111000
01101101100
01111111100
00101101000
01000000100

00001111000
00011111100
01110110111
01111111111
01100110011
00000000000
