00000000000000000000000000000000000000000000000000000000000000000000000000000000000000000000000000000000000000000000000000000000
00000000000000000000000000000000000000000000000000000000000000000000000000000000000000000000000000000000000000000000000000000000
00000000000000000000000000000000000000000000000000000000000000000000000000000000000000000000000000000000000000000000000000000000
00000000000000000000000000000000000000000000000000000000000000000000000000000000000000000000000000000000000000000000000000000000
00000000000000000000000000000000000000000000000000000000000000000000000000000000000000000000000000000000000000000000000000000000
00000000000000000000000000000000000000000000000000000000000000000000000000000000000000000000000000000000000000000000000000000000
00000000111110001111111000111110000000000000000000000000000000000000000000000000000000000000000000000000000000000000000000000000
00000000001110000011100000111000000000000000000000000000000000000000000000000000000000000000000000000000000000000000000000000000
00000000001110000011100000111000000001100010100101000001001001000101001000100100010001100000000000000000000000000000000000000000
00000000001110000011100000111000000010010101010101000010101010101010101010101010101010000000000000000000000000000000000000000000
00000000001110000011100000111000000010010101010110000010001010001010101010101110100011000000000000000000000000000000000000000000
00000000001110000011100000111000000010010101010101000011001010001010101010101010100010000000000000000000000000000000000000000000
00000000001110000011100000111000000010100101010101000010001010001010101010101010100010000000000000000000000000000000000000000000
00000000001110000011100000111000000001010100010101000010001010001000100101001010100001100000000000000000000000000000000000000000
00000000000110000011100000110000000000000000000000000000000000000000000000000000000000000000000000000000000000000000000000000000
00000000000111000011100001110000000000000000000000000000000000000000000000000000000000000000000000000000000000000000000000000000
00000000000011100011100011100000000000000000000000000000000000000000000000000000000000000000000000000000000000000000000000000000
00000000000000111111111110000000000001000100010100010100101001001001001010000011010100100010001000100010001101100000000000000000
00000000000000000011100000000000000010101010101010101010101010101011101010000100010101010101010101010111010001010000000000000000
00000000000000000011100000000000000010001010101010101010101010101001001010110010010101010101010101000010011001010000000000000000
00000000000000000011100000000000000010001010101010101010101010101001001010000001010101100110010101000010010001010000000000000000
00000000000000000011100000000000000010101010101010101010101010101001001010000001010101000100010101000010010001010000000000000000
00000000000000000011100000000000000001000100100010100010010010101000100100000110001001000100001001000001001101100000000000000000
00000000000000000011100000000000000000000000000000000000000000000000001000000000000000000000000000000000000000000000000000000000
00000000000000001111111000000000000000000000000000000000000000000000010000000000000000000000000000000000000000000000000000000000
00000000000000000000000000000000000000000000000000000000000000000000000000000000000000000000000000000000000000000000000000000000
00000000000000000000000000000000000000000000000000000000000000000000000000000000000000000000000000000000000000000000000000000000
00000000000000000000000000000000000000000000000000000000000000000000000000000000000000000000000000000000000000000000000000000000
00000000000000000000000000000000000000000000000000000000000000000000000000000000000000000000000000000000000000000000000000000000
00000000000000000000000000000000000000000000000000000000000000000000000000000000000000000000000000000000000000000000000000000000
00000000000000000000000000000000000000000000000000000000000000000000000000000000000000000000000000000000000000000000000000000000
00000000000000000000000000000000000000000000000000000000000000000000000000000000000000000000000000000000000000000000000000000000
